World(32,32, 0)
Player(C-G, 78, 0, 913)
Unit(0, 2)
Unit(0, 14)
Unit(0, 17)
Unit(0, 22)
Unit(1, 0)
Unit(1, 6)
Unit(2, 25)
Unit(2, 28)
Unit(4, 1)
Unit(4, 9)
Unit(4, 14)
Unit(5, 2)
Unit(5, 4)
Unit(5, 6)
Unit(5, 16)
Unit(6, 9)
Unit(6, 24)
Unit(7, 6)
Unit(7, 15)
Unit(7, 18)
Unit(7, 31)
Unit(8, 22)
Unit(8, 30)
Unit(9, 5)
Unit(9, 20)
Unit(10, 9)
Unit(10, 25)
Unit(11, 1)
Unit(12, 2)
Unit(12, 6)
Unit(12, 9)
Unit(12, 12)
Unit(12, 15)
Unit(13, 29)
Unit(14, 0)
Unit(14, 10)
Unit(14, 15)
Unit(14, 18)
Unit(15, 7)
Unit(15, 25)
Unit(16, 5)
Unit(16, 21)
Unit(16, 24)
Unit(18, 2)
Unit(18, 17)
Unit(18, 29)
Unit(19, 11)
Unit(20, 14)
Unit(20, 28)
Unit(21, 6)
Unit(21, 17)
Unit(21, 30)
Unit(22, 1)
Unit(22, 9)
Unit(22, 24)
Unit(23, 3)
Unit(23, 29)
Unit(24, 1)
Unit(24, 5)
Unit(25, 2)
Unit(25, 10)
Unit(25, 18)
Unit(25, 21)
Unit(26, 24)
Unit(26, 29)
Unit(27, 10)
Unit(27, 13)
Unit(27, 27)
Unit(28, 1)
Unit(28, 3)
Unit(28, 30)
Unit(29, 6)
Unit(29, 16)
Unit(29, 22)
Unit(29, 26)
Unit(30, 1)
Unit(31, 11)
Unit(31, 13)
Hex(0,0,0,4,0,0,0,0,0,0,0,0,0,0,0,0)
Hex(1,0,0,1,0,4,0,0,0,0,0,15,0,50,0,0)
Hex(2,0,0,9,0,0,0,0,0,0,0,0,0,0,0,0)
Hex(31,0,0,8,0,0,0,0,0,0,0,0,0,0,0,0)
Hex(3,0,0,3,0,0,0,0,0,0,0,0,0,0,0,0)
Hex(4,0,0,3,0,0,0,0,0,0,0,0,0,0,0,0)
Hex(5,0,0,2,0,0,0,0,0,0,0,0,0,0,0,0)
Hex(6,0,0,7,0,0,0,0,0,0,0,0,0,0,0,0)
Hex(7,0,0,7,0,0,0,0,0,0,0,0,0,0,0,0)
Hex(9,0,0,0,0,0,0,0,0,0,0,0,0,0,0,0)
Hex(8,0,0,3,0,0,0,0,0,0,0,0,0,0,0,0)
Hex(11,0,0,7,0,0,0,0,0,0,0,0,0,0,0,0)
Hex(10,0,0,7,0,0,0,0,0,0,0,0,0,0,0,0)
Hex(12,0,0,9,0,0,0,0,0,0,0,0,0,0,0,0)
Hex(13,0,0,0,0,0,0,0,0,0,0,0,0,0,0,0)
Hex(14,0,0,1,0,2,0,0,0,15,0,0,0,50,0,0)
Hex(15,0,0,0,0,0,0,0,0,0,0,0,0,0,0,0)
Hex(16,0,0,4,0,0,0,0,0,0,0,0,0,0,0,0)
Hex(18,0,0,7,0,0,0,0,0,0,0,0,0,0,0,0)
Hex(21,0,0,3,0,0,0,0,0,0,0,0,0,0,0,0)
Hex(22,0,0,7,0,0,0,0,0,0,0,0,0,0,0,0)
Hex(23,0,0,7,0,0,0,0,0,0,0,0,0,0,0,0)
Hex(20,0,0,10,0,0,0,0,0,0,0,0,0,0,0,0)
Hex(24,0,0,4,0,0,0,0,0,0,0,0,0,0,0,0)
Hex(25,0,0,0,0,0,0,0,0,0,0,0,0,0,0,0)
Hex(26,0,0,7,0,0,0,0,0,0,0,0,0,0,0,0)
Hex(28,0,0,7,0,0,0,0,0,0,0,0,0,0,0,0)
Hex(27,0,0,7,0,0,0,0,0,0,0,0,0,0,0,0)
Hex(29,0,0,7,0,0,0,0,0,0,0,0,0,0,0,0)
Hex(30,0,0,7,0,0,0,0,0,0,0,0,0,0,0,0)
Hex(0,1,0,3,0,0,0,0,0,0,0,0,0,0,0,0)
Hex(31,1,0,3,0,0,0,0,0,0,0,0,0,0,0,0)
Hex(1,1,0,7,0,0,0,0,0,0,0,0,0,0,0,0)
Hex(30,1,0,1,0,3,0,0,0,0,15,0,0,50,0,0)
Hex(2,1,0,4,0,0,0,0,0,0,0,0,0,0,0,0)
Hex(3,1,0,3,0,0,0,0,0,0,0,0,0,0,0,0)
Hex(4,1,0,1,0,4,0,0,0,0,0,60,0,200,0,0)
Hex(5,1,0,3,0,0,0,0,0,0,0,0,0,0,0,0)
Hex(6,1,0,3,0,0,0,0,0,0,0,0,0,0,0,0)
Hex(7,1,0,7,0,0,0,0,0,0,0,0,0,0,0,0)
Hex(11,1,0,1,0,1,0,0,15,0,0,0,0,50,0,0)
Hex(10,1,0,3,0,0,0,0,0,0,0,0,0,0,0,0)
Hex(12,1,0,7,0,0,0,0,0,0,0,0,0,0,0,0)
Hex(9,1,0,9,0,0,0,0,0,0,0,0,0,0,0,0)
Hex(13,1,0,3,0,0,0,0,0,0,0,0,0,0,0,0)
Hex(14,1,0,0,0,0,0,0,0,0,0,0,0,0,0,0)
Hex(15,1,0,3,0,0,0,0,0,0,0,0,0,0,0,0)
Hex(16,1,0,4,0,0,0,0,0,0,0,0,0,0,0,0)
Hex(18,1,0,7,0,0,0,0,0,0,0,0,0,0,0,0)
Hex(17,1,0,8,0,0,0,0,0,0,0,0,0,0,0,0)
Hex(19,1,0,7,0,0,0,0,0,0,0,0,0,0,0,0)
Hex(20,1,0,0,0,0,0,0,0,0,0,0,0,0,0,0)
Hex(22,1,0,1,0,4,0,0,0,0,0,30,0,100,0,0)
Hex(21,1,0,3,0,0,0,0,0,0,0,0,0,0,0,0)
Hex(23,1,0,7,0,0,0,0,0,0,0,0,0,0,0,0)
Hex(24,1,0,1,0,2,0,0,0,15,0,0,0,50,0,0)
Hex(25,1,0,7,0,0,0,0,0,0,0,0,0,0,0,0)
Hex(26,1,0,3,0,0,0,0,0,0,0,0,0,0,0,0)
Hex(27,1,0,7,0,0,0,0,0,0,0,0,0,0,0,0)
Hex(28,1,0,1,0,1,0,0,15,0,0,0,0,50,0,0)
Hex(29,1,0,7,0,0,0,0,0,0,0,0,0,0,0,0)
Hex(0,2,0,1,0,2,0,0,0,15,0,0,0,50,0,0)
Hex(31,2,0,7,0,0,0,0,0,0,0,0,0,0,0,0)
Hex(1,2,0,9,0,0,0,0,0,0,0,0,0,0,0,0)
Hex(30,2,0,7,0,0,0,0,0,0,0,0,0,0,0,0)
Hex(2,2,0,7,0,0,0,0,0,0,0,0,0,0,0,0)
Hex(3,2,0,7,0,0,0,0,0,0,0,0,0,0,0,0)
Hex(5,2,0,1,0,2,0,0,0,30,0,0,0,100,0,0)
Hex(4,2,0,7,0,0,0,0,0,0,0,0,0,0,0,0)
Hex(6,2,0,0,0,0,0,0,0,0,0,0,0,0,0,0)
Hex(7,2,0,7,0,0,0,0,0,0,0,0,0,0,0,0)
Hex(11,2,0,7,0,0,0,0,0,0,0,0,0,0,0,0)
Hex(9,2,0,0,0,0,0,0,0,0,0,0,0,0,0,0)
Hex(13,2,0,0,0,0,0,0,0,0,0,0,0,0,0,0)
Hex(10,2,0,7,0,0,0,0,0,0,0,0,0,0,0,0)
Hex(12,2,0,1,0,1,0,0,15,0,0,0,0,50,0,0)
Hex(14,2,0,7,0,0,0,0,0,0,0,0,0,0,0,0)
Hex(15,2,0,7,0,0,0,0,0,0,0,0,0,0,0,0)
Hex(18,2,0,1,0,3,0,0,0,0,15,0,0,50,0,0)
Hex(17,2,0,7,0,0,0,0,0,0,0,0,0,0,0,0)
Hex(19,2,0,7,0,0,0,0,0,0,0,0,0,0,0,0)
Hex(16,2,0,7,0,0,0,0,0,0,0,0,0,0,0,0)
Hex(20,2,0,4,0,0,0,0,0,0,0,0,0,0,0,0)
Hex(21,2,0,4,0,0,0,0,0,0,0,0,0,0,0,0)
Hex(23,2,0,7,0,0,0,0,0,0,0,0,0,0,0,0)
Hex(22,2,0,7,0,0,0,0,0,0,0,0,0,0,0,0)
Hex(24,2,0,3,0,0,0,0,0,0,0,0,0,0,0,0)
Hex(25,2,0,1,0,2,0,0,0,45,0,0,0,150,0,0)
Hex(26,2,0,7,0,0,0,0,0,0,0,0,0,0,0,0)
Hex(27,2,0,7,0,0,0,0,0,0,0,0,0,0,0,0)
Hex(29,2,0,0,0,0,0,0,0,0,0,0,0,0,0,0)
Hex(28,2,0,3,0,0,0,0,0,0,0,0,0,0,0,0)
Hex(31,3,0,7,0,0,0,0,0,0,0,0,0,0,0,0)
Hex(1,3,0,7,0,0,0,0,0,0,0,0,0,0,0,0)
Hex(0,3,0,7,0,0,0,0,0,0,0,0,0,0,0,0)
Hex(30,3,0,7,0,0,0,0,0,0,0,0,0,0,0,0)
Hex(2,3,0,10,0,0,0,0,0,0,0,0,0,0,0,0)
Hex(3,3,0,9,0,0,0,0,0,0,0,0,0,0,0,0)
Hex(5,3,0,7,0,0,0,0,0,0,0,0,0,0,0,0)
Hex(4,3,0,7,0,0,0,0,0,0,0,0,0,0,0,0)
Hex(7,3,0,4,0,0,0,0,0,0,0,0,0,0,0,0)
Hex(6,3,0,7,0,0,0,0,0,0,0,0,0,0,0,0)
Hex(9,3,0,9,0,0,0,0,0,0,0,0,0,0,0,0)
Hex(8,3,0,7,0,0,0,0,0,0,0,0,0,0,0,0)
Hex(10,3,0,0,0,0,0,0,0,0,0,0,0,0,0,0)
Hex(11,3,0,4,0,0,0,0,0,0,0,0,0,0,0,0)
Hex(13,3,0,7,0,0,0,0,0,0,0,0,0,0,0,0)
Hex(12,3,0,4,0,0,0,0,0,0,0,0,0,0,0,0)
Hex(14,3,0,7,0,0,0,0,0,0,0,0,0,0,0,0)
Hex(16,3,0,7,0,0,0,0,0,0,0,0,0,0,0,0)
Hex(17,3,0,7,0,0,0,0,0,0,0,0,0,0,0,0)
Hex(19,3,0,3,0,0,0,0,0,0,0,0,0,0,0,0)
Hex(18,3,0,7,0,0,0,0,0,0,0,0,0,0,0,0)
Hex(20,3,0,7,0,0,0,0,0,0,0,0,0,0,0,0)
Hex(21,3,0,7,0,0,0,0,0,0,0,0,0,0,0,0)
Hex(23,3,0,1,0,5,0,0,0,0,0,0,15,50,0,0)
Hex(22,3,0,7,0,0,0,0,0,0,0,0,0,0,0,0)
Hex(24,3,0,3,0,0,0,0,0,0,0,0,0,0,0,0)
Hex(25,3,0,7,0,0,0,0,0,0,0,0,0,0,0,0)
Hex(27,3,0,3,0,0,0,0,0,0,0,0,0,0,0,0)
Hex(26,3,0,3,0,0,0,0,0,0,0,0,0,0,0,0)
Hex(29,3,0,8,0,0,0,0,0,0,0,0,0,0,0,0)
Hex(28,3,0,1,0,1,0,0,30,0,0,0,0,100,0,0)
Hex(31,4,0,7,0,0,0,0,0,0,0,0,0,0,0,0)
Hex(1,4,0,4,0,0,0,0,0,0,0,0,0,0,0,0)
Hex(0,4,0,0,0,0,0,0,0,0,0,0,0,0,0,0)
Hex(2,4,0,4,0,0,0,0,0,0,0,0,0,0,0,0)
Hex(5,4,0,1,0,3,0,0,0,0,15,0,0,50,0,0)
Hex(4,4,0,3,0,0,0,0,0,0,0,0,0,0,0,0)
Hex(6,4,0,7,0,0,0,0,0,0,0,0,0,0,0,0)
Hex(3,4,0,7,0,0,0,0,0,0,0,0,0,0,0,0)
Hex(7,4,0,7,0,0,0,0,0,0,0,0,0,0,0,0)
Hex(8,4,0,3,0,0,0,0,0,0,0,0,0,0,0,0)
Hex(9,4,0,0,0,0,0,0,0,0,0,0,0,0,0,0)
Hex(10,4,0,7,0,0,0,0,0,0,0,0,0,0,0,0)
Hex(11,4,0,7,0,0,0,0,0,0,0,0,0,0,0,0)
Hex(13,4,0,4,0,0,0,0,0,0,0,0,0,0,0,0)
Hex(12,4,0,4,0,0,0,0,0,0,0,0,0,0,0,0)
Hex(16,4,0,7,0,0,0,0,0,0,0,0,0,0,0,0)
Hex(15,4,0,3,0,0,0,0,0,0,0,0,0,0,0,0)
Hex(17,4,0,7,0,0,0,0,0,0,0,0,0,0,0,0)
Hex(14,4,0,7,0,0,0,0,0,0,0,0,0,0,0,0)
Hex(18,4,0,7,0,0,0,0,0,0,0,0,0,0,0,0)
Hex(19,4,0,7,0,0,0,0,0,0,0,0,0,0,0,0)
Hex(21,4,0,10,0,0,0,0,0,0,0,0,0,0,0,0)
Hex(20,4,0,10,0,0,0,0,0,0,0,0,0,0,0,0)
Hex(22,4,0,7,0,0,0,0,0,0,0,0,0,0,0,0)
Hex(23,4,0,4,0,0,0,0,0,0,0,0,0,0,0,0)
Hex(25,4,0,0,0,0,0,0,0,0,0,0,0,0,0,0)
Hex(24,4,0,3,0,0,0,0,0,0,0,0,0,0,0,0)
Hex(26,4,0,4,0,0,0,0,0,0,0,0,0,0,0,0)
Hex(27,4,0,7,0,0,0,0,0,0,0,0,0,0,0,0)
Hex(29,4,0,10,0,0,0,0,0,0,0,0,0,0,0,0)
Hex(28,4,0,9,0,0,0,0,0,0,0,0,0,0,0,0)
Hex(30,4,0,7,0,0,0,0,0,0,0,0,0,0,0,0)
Hex(1,5,0,3,0,0,0,0,0,0,0,0,0,0,0,0)
Hex(0,5,0,3,0,0,0,0,0,0,0,0,0,0,0,0)
Hex(2,5,0,3,0,0,0,0,0,0,0,0,0,0,0,0)
Hex(31,5,0,4,0,0,0,0,0,0,0,0,0,0,0,0)
Hex(3,5,0,7,0,0,0,0,0,0,0,0,0,0,0,0)
Hex(5,5,0,5,0,0,0,0,0,0,0,0,0,0,0,0)
Hex(7,5,0,3,0,0,0,0,0,0,0,0,0,0,0,0)
Hex(4,5,0,9,0,0,0,0,0,0,0,0,0,0,0,0)
Hex(6,5,0,7,0,0,0,0,0,0,0,0,0,0,0,0)
Hex(8,5,0,4,0,0,0,0,0,0,0,0,0,0,0,0)
Hex(9,5,0,1,0,1,0,0,30,0,0,0,0,100,0,0)
Hex(10,5,0,4,0,0,0,0,0,0,0,0,0,0,0,0)
Hex(11,5,0,7,0,0,0,0,0,0,0,0,0,0,0,0)
Hex(12,5,0,3,0,0,0,0,0,0,0,0,0,0,0,0)
Hex(13,5,0,3,0,0,0,0,0,0,0,0,0,0,0,0)
Hex(14,5,0,9,0,0,0,0,0,0,0,0,0,0,0,0)
Hex(15,5,0,7,0,0,0,0,0,0,0,0,0,0,0,0)
Hex(16,5,0,1,0,2,0,0,0,30,0,0,0,100,0,0)
Hex(17,5,0,7,0,0,0,0,0,0,0,0,0,0,0,0)
Hex(18,5,0,10,0,0,0,0,0,0,0,0,0,0,0,0)
Hex(21,5,0,9,0,0,0,0,0,0,0,0,0,0,0,0)
Hex(20,5,0,9,0,0,0,0,0,0,0,0,0,0,0,0)
Hex(22,5,0,3,0,0,0,0,0,0,0,0,0,0,0,0)
Hex(19,5,0,7,0,0,0,0,0,0,0,0,0,0,0,0)
Hex(23,5,0,7,0,0,0,0,0,0,0,0,0,0,0,0)
Hex(24,5,0,1,0,5,0,0,0,0,0,0,30,100,0,0)
Hex(25,5,0,7,0,0,0,0,0,0,0,0,0,0,0,0)
Hex(26,5,0,7,0,0,0,0,0,0,0,0,0,0,0,0)
Hex(27,5,0,7,0,0,0,0,0,0,0,0,0,0,0,0)
Hex(29,5,0,3,0,0,0,0,0,0,0,0,0,0,0,0)
Hex(28,5,0,7,0,0,0,0,0,0,0,0,0,0,0,0)
Hex(30,5,0,7,0,0,0,0,0,0,0,0,0,0,0,0)
Hex(1,6,0,1,0,1,0,0,30,0,0,0,0,100,0,0)
Hex(0,6,0,7,0,0,0,0,0,0,0,0,0,0,0,0)
Hex(2,6,0,7,0,0,0,0,0,0,0,0,0,0,0,0)
Hex(31,6,0,7,0,0,0,0,0,0,0,0,0,0,0,0)
Hex(3,6,0,7,0,0,0,0,0,0,0,0,0,0,0,0)
Hex(5,6,0,1,0,5,0,0,0,0,0,0,15,50,0,0)
Hex(4,6,0,3,0,0,0,0,0,0,0,0,0,0,0,0)
Hex(6,6,0,7,0,0,0,0,0,0,0,0,0,0,0,0)
Hex(7,6,0,1,0,2,0,0,0,15,0,0,0,50,0,0)
Hex(8,6,0,4,0,0,0,0,0,0,0,0,0,0,0,0)
Hex(9,6,0,3,0,0,0,0,0,0,0,0,0,0,0,0)
Hex(11,6,0,7,0,0,0,0,0,0,0,0,0,0,0,0)
Hex(10,6,0,7,0,0,0,0,0,0,0,0,0,0,0,0)
Hex(12,6,0,1,0,2,0,0,0,30,0,0,0,100,0,0)
Hex(13,6,0,9,0,0,0,0,0,0,0,0,0,0,0,0)
Hex(14,6,0,7,0,0,0,0,0,0,0,0,0,0,0,0)
Hex(15,6,0,7,0,0,0,0,0,0,0,0,0,0,0,0)
Hex(16,6,0,3,0,0,0,0,0,0,0,0,0,0,0,0)
Hex(17,6,0,9,0,0,0,0,0,0,0,0,0,0,0,0)
Hex(18,6,0,9,0,0,0,0,0,0,0,0,0,0,0,0)
Hex(21,6,0,1,0,5,0,0,0,0,0,0,30,100,0,0)
Hex(20,6,0,3,0,0,0,0,0,0,0,0,0,0,0,0)
Hex(22,6,0,0,0,0,0,0,0,0,0,0,0,0,0,0)
Hex(19,6,0,7,0,0,0,0,0,0,0,0,0,0,0,0)
Hex(23,6,0,7,0,0,0,0,0,0,0,0,0,0,0,0)
Hex(25,6,0,10,0,0,0,0,0,0,0,0,0,0,0,0)
Hex(24,6,0,3,0,0,0,0,0,0,0,0,0,0,0,0)
Hex(26,6,0,7,0,0,0,0,0,0,0,0,0,0,0,0)
Hex(29,6,0,1,0,4,0,0,0,0,0,15,0,50,0,0)
Hex(28,6,0,7,0,0,0,0,0,0,0,0,0,0,0,0)
Hex(30,6,0,7,0,0,0,0,0,0,0,0,0,0,0,0)
Hex(27,6,0,7,0,0,0,0,0,0,0,0,0,0,0,0)
Hex(1,7,0,7,0,0,0,0,0,0,0,0,0,0,0,0)
Hex(31,7,0,7,0,0,0,0,0,0,0,0,0,0,0,0)
Hex(3,7,0,3,0,0,0,0,0,0,0,0,0,0,0,0)
Hex(0,7,0,7,0,0,0,0,0,0,0,0,0,0,0,0)
Hex(2,7,0,7,0,0,0,0,0,0,0,0,0,0,0,0)
Hex(4,7,0,3,0,0,0,0,0,0,0,0,0,0,0,0)
Hex(5,7,0,7,0,0,0,0,0,0,0,0,0,0,0,0)
Hex(7,7,0,7,0,0,0,0,0,0,0,0,0,0,0,0)
Hex(6,7,0,7,0,0,0,0,0,0,0,0,0,0,0,0)
Hex(9,7,0,7,0,0,0,0,0,0,0,0,0,0,0,0)
Hex(8,7,0,7,0,0,0,0,0,0,0,0,0,0,0,0)
Hex(10,7,0,7,0,0,0,0,0,0,0,0,0,0,0,0)
Hex(11,7,0,7,0,0,0,0,0,0,0,0,0,0,0,0)
Hex(13,7,0,7,0,0,0,0,0,0,0,0,0,0,0,0)
Hex(12,7,0,0,0,0,0,0,0,0,0,0,0,0,0,0)
Hex(14,7,0,7,0,0,0,0,0,0,0,0,0,0,0,0)
Hex(15,7,0,1,0,5,0,0,0,0,0,0,45,150,0,0)
Hex(16,7,0,3,0,0,0,0,0,0,0,0,0,0,0,0)
Hex(17,7,0,4,0,0,0,0,0,0,0,0,0,0,0,0)
Hex(21,7,0,7,0,0,0,0,0,0,0,0,0,0,0,0)
Hex(19,7,0,0,0,0,0,0,0,0,0,0,0,0,0,0)
Hex(23,7,0,7,0,0,0,0,0,0,0,0,0,0,0,0)
Hex(20,7,0,7,0,0,0,0,0,0,0,0,0,0,0,0)
Hex(22,7,0,7,0,0,0,0,0,0,0,0,0,0,0,0)
Hex(25,7,0,7,0,0,0,0,0,0,0,0,0,0,0,0)
Hex(24,7,0,7,0,0,0,0,0,0,0,0,0,0,0,0)
Hex(29,7,0,7,0,0,0,0,0,0,0,0,0,0,0,0)
Hex(27,7,0,4,0,0,0,0,0,0,0,0,0,0,0,0)
Hex(28,7,0,7,0,0,0,0,0,0,0,0,0,0,0,0)
Hex(30,7,0,0,0,0,0,0,0,0,0,0,0,0,0,0)
Hex(1,8,0,9,0,0,0,0,0,0,0,0,0,0,0,0)
Hex(4,8,0,3,0,0,0,0,0,0,0,0,0,0,0,0)
Hex(3,8,0,7,0,0,0,0,0,0,0,0,0,0,0,0)
Hex(5,8,0,3,0,0,0,0,0,0,0,0,0,0,0,0)
Hex(2,8,0,7,0,0,0,0,0,0,0,0,0,0,0,0)
Hex(6,8,0,7,0,0,0,0,0,0,0,0,0,0,0,0)
Hex(7,8,0,7,0,0,0,0,0,0,0,0,0,0,0,0)
Hex(8,8,0,3,0,0,0,0,0,0,0,0,0,0,0,0)
Hex(10,8,0,7,0,0,0,0,0,0,0,0,0,0,0,0)
Hex(9,8,0,3,0,0,0,0,0,0,0,0,0,0,0,0)
Hex(11,8,0,8,0,0,0,0,0,0,0,0,0,0,0,0)
Hex(12,8,0,4,0,0,0,0,0,0,0,0,0,0,0,0)
Hex(13,8,0,0,0,0,0,0,0,0,0,0,0,0,0,0)
Hex(14,8,0,3,0,0,0,0,0,0,0,0,0,0,0,0)
Hex(15,8,0,3,0,0,0,0,0,0,0,0,0,0,0,0)
Hex(17,8,0,7,0,0,0,0,0,0,0,0,0,0,0,0)
Hex(16,8,0,7,0,0,0,0,0,0,0,0,0,0,0,0)
Hex(21,8,0,3,0,0,0,0,0,0,0,0,0,0,0,0)
Hex(22,8,0,7,0,0,0,0,0,0,0,0,0,0,0,0)
Hex(23,8,0,7,0,0,0,0,0,0,0,0,0,0,0,0)
Hex(20,8,0,9,0,0,0,0,0,0,0,0,0,0,0,0)
Hex(24,8,0,4,0,0,0,0,0,0,0,0,0,0,0,0)
Hex(25,8,0,9,0,0,0,0,0,0,0,0,0,0,0,0)
Hex(26,8,0,7,0,0,0,0,0,0,0,0,0,0,0,0)
Hex(27,8,0,7,0,0,0,0,0,0,0,0,0,0,0,0)
Hex(28,8,0,7,0,0,0,0,0,0,0,0,0,0,0,0)
Hex(29,8,0,7,0,0,0,0,0,0,0,0,0,0,0,0)
Hex(4,9,0,1,0,1,0,0,30,0,0,0,0,100,0,0)
Hex(3,9,0,7,0,0,0,0,0,0,0,0,0,0,0,0)
Hex(5,9,0,7,0,0,0,0,0,0,0,0,0,0,0,0)
Hex(2,9,0,12,2,1,0,0,400,0,0,0,0,50,0,0)
Hex(6,9,0,1,0,5,0,0,0,0,0,0,30,100,0,0)
Hex(7,9,0,3,0,0,0,0,0,0,0,0,0,0,0,0)
Hex(8,9,0,0,0,0,0,0,0,0,0,0,0,0,0,0)
Hex(10,9,0,1,0,2,0,0,0,45,0,0,0,150,0,0)
Hex(9,9,0,4,0,0,0,0,0,0,0,0,0,0,0,0)
Hex(11,9,0,3,0,0,0,0,0,0,0,0,0,0,0,0)
Hex(12,9,0,1,0,5,0,0,0,0,0,0,45,150,0,0)
Hex(13,9,0,7,0,0,0,0,0,0,0,0,0,0,0,0)
Hex(14,9,0,3,0,0,0,0,0,0,0,0,0,0,0,0)
Hex(15,9,0,7,0,0,0,0,0,0,0,0,0,0,0,0)
Hex(16,9,0,9,0,0,0,0,0,0,0,0,0,0,0,0)
Hex(19,9,0,0,0,0,0,0,0,0,0,0,0,0,0,0)
Hex(18,9,0,4,0,0,0,0,0,0,0,0,0,0,0,0)
Hex(20,9,0,4,0,0,0,0,0,0,0,0,0,0,0,0)
Hex(22,9,0,1,0,4,0,0,0,0,0,45,0,150,0,0)
Hex(21,9,0,7,0,0,0,0,0,0,0,0,0,0,0,0)
Hex(23,9,0,7,0,0,0,0,0,0,0,0,0,0,0,0)
Hex(24,9,0,4,0,0,0,0,0,0,0,0,0,0,0,0)
Hex(25,9,0,3,0,0,0,0,0,0,0,0,0,0,0,0)
Hex(26,9,0,9,0,0,0,0,0,0,0,0,0,0,0,0)
Hex(27,9,0,7,0,0,0,0,0,0,0,0,0,0,0,0)
Hex(28,9,0,7,0,0,0,0,0,0,0,0,0,0,0,0)
Hex(29,9,0,7,0,0,0,0,0,0,0,0,0,0,0,0)
Hex(31,9,0,7,0,0,0,0,0,0,0,0,0,0,0,0)
Hex(30,9,0,7,0,0,0,0,0,0,0,0,0,0,0,0)
Hex(0,9,0,4,0,0,0,0,0,0,0,0,0,0,0,0)
Hex(3,10,0,7,0,0,0,0,0,0,0,0,0,0,0,0)
Hex(5,10,0,9,0,0,0,0,0,0,0,0,0,0,0,0)
Hex(4,10,0,3,0,0,0,0,0,0,0,0,0,0,0,0)
Hex(2,10,0,7,0,0,0,0,0,0,0,0,0,0,0,0)
Hex(6,10,0,9,0,0,0,0,0,0,0,0,0,0,0,0)
Hex(7,10,0,4,0,0,0,0,0,0,0,0,0,0,0,0)
Hex(8,10,0,10,0,0,0,0,0,0,0,0,0,0,0,0)
Hex(9,10,0,3,0,0,0,0,0,0,0,0,0,0,0,0)
Hex(11,10,0,3,0,0,0,0,0,0,0,0,0,0,0,0)
Hex(10,10,0,7,0,0,0,0,0,0,0,0,0,0,0,0)
Hex(12,10,0,3,0,0,0,0,0,0,0,0,0,0,0,0)
Hex(13,10,0,3,0,0,0,0,0,0,0,0,0,0,0,0)
Hex(14,10,0,1,0,2,0,0,0,60,0,0,0,200,0,0)
Hex(15,10,0,3,0,0,0,0,0,0,0,0,0,0,0,0)
Hex(16,10,0,7,0,0,0,0,0,0,0,0,0,0,0,0)
Hex(19,10,0,9,0,0,0,0,0,0,0,0,0,0,0,0)
Hex(18,10,0,7,0,0,0,0,0,0,0,0,0,0,0,0)
Hex(20,10,0,2,0,0,0,0,0,0,0,0,0,0,0,0)
Hex(17,10,0,7,0,0,0,0,0,0,0,0,0,0,0,0)
Hex(21,10,0,3,0,0,0,0,0,0,0,0,0,0,0,0)
Hex(23,10,0,4,0,0,0,0,0,0,0,0,0,0,0,0)
Hex(22,10,0,3,0,0,0,0,0,0,0,0,0,0,0,0)
Hex(24,10,0,3,0,0,0,0,0,0,0,0,0,0,0,0)
Hex(25,10,0,1,0,3,0,0,0,0,30,0,0,100,0,0)
Hex(26,10,0,7,0,0,0,0,0,0,0,0,0,0,0,0)
Hex(27,10,0,1,0,5,0,0,0,0,0,0,15,50,0,0)
Hex(28,10,0,7,0,0,0,0,0,0,0,0,0,0,0,0)
Hex(29,10,0,7,0,0,0,0,0,0,0,0,0,0,0,0)
Hex(31,10,0,3,0,0,0,0,0,0,0,0,0,0,0,0)
Hex(30,10,0,7,0,0,0,0,0,0,0,0,0,0,0,0)
Hex(0,10,0,10,0,0,0,0,0,0,0,0,0,0,0,0)
Hex(1,10,0,3,0,0,0,0,0,0,0,0,0,0,0,0)
Hex(3,11,0,7,0,0,0,0,0,0,0,0,0,0,0,0)
Hex(5,11,0,7,0,0,0,0,0,0,0,0,0,0,0,0)
Hex(4,11,0,7,0,0,0,0,0,0,0,0,0,0,0,0)
Hex(7,11,0,7,0,0,0,0,0,0,0,0,0,0,0,0)
Hex(6,11,0,7,0,0,0,0,0,0,0,0,0,0,0,0)
Hex(9,11,0,7,0,0,0,0,0,0,0,0,0,0,0,0)
Hex(11,11,0,7,0,0,0,0,0,0,0,0,0,0,0,0)
Hex(10,11,0,8,0,0,0,0,0,0,0,0,0,0,0,0)
Hex(13,11,0,7,0,0,0,0,0,0,0,0,0,0,0,0)
Hex(12,11,0,7,0,0,0,0,0,0,0,0,0,0,0,0)
Hex(14,11,0,3,0,0,0,0,0,0,0,0,0,0,0,0)
Hex(15,11,0,4,0,0,0,0,0,0,0,0,0,0,0,0)
Hex(16,11,0,4,0,0,0,0,0,0,0,0,0,0,0,0)
Hex(19,11,0,1,0,3,0,0,0,0,15,0,0,50,0,0)
Hex(18,11,0,9,0,0,0,0,0,0,0,0,0,0,0,0)
Hex(20,11,0,7,0,0,0,0,0,0,0,0,0,0,0,0)
Hex(17,11,0,7,0,0,0,0,0,0,0,0,0,0,0,0)
Hex(21,11,0,7,0,0,0,0,0,0,0,0,0,0,0,0)
Hex(23,11,0,3,0,0,0,0,0,0,0,0,0,0,0,0)
Hex(22,11,0,7,0,0,0,0,0,0,0,0,0,0,0,0)
Hex(25,11,0,7,0,0,0,0,0,0,0,0,0,0,0,0)
Hex(27,11,0,3,0,0,0,0,0,0,0,0,0,0,0,0)
Hex(24,11,0,7,0,0,0,0,0,0,0,0,0,0,0,0)
Hex(26,11,0,7,0,0,0,0,0,0,0,0,0,0,0,0)
Hex(29,11,0,7,0,0,0,0,0,0,0,0,0,0,0,0)
Hex(28,11,0,7,0,0,0,0,0,0,0,0,0,0,0,0)
Hex(31,11,0,1,0,4,0,0,0,0,0,15,0,50,0,0)
Hex(30,11,0,0,0,0,0,0,0,0,0,0,0,0,0,0)
Hex(0,11,0,7,0,0,0,0,0,0,0,0,0,0,0,0)
Hex(1,11,0,7,0,0,0,0,0,0,0,0,0,0,0,0)
Hex(0,12,0,4,0,0,0,0,0,0,0,0,0,0,0,0)
Hex(4,12,0,10,0,0,0,0,0,0,0,0,0,0,0,0)
Hex(12,12,0,1,0,4,0,0,0,0,0,15,0,50,0,0)
Hex(11,12,0,7,0,0,0,0,0,0,0,0,0,0,0,0)
Hex(13,12,0,3,0,0,0,0,0,0,0,0,0,0,0,0)
Hex(10,12,0,6,0,0,0,0,0,0,0,0,0,0,0,0)
Hex(14,12,0,10,0,0,0,0,0,0,0,0,0,0,0,0)
Hex(15,12,0,7,0,0,0,0,0,0,0,0,0,0,0,0)
Hex(19,12,0,3,0,0,0,0,0,0,0,0,0,0,0,0)
Hex(17,12,0,7,0,0,0,0,0,0,0,0,0,0,0,0)
Hex(21,12,0,7,0,0,0,0,0,0,0,0,0,0,0,0)
Hex(18,12,0,7,0,0,0,0,0,0,0,0,0,0,0,0)
Hex(20,12,0,10,0,0,0,0,0,0,0,0,0,0,0,0)
Hex(25,12,0,4,0,0,0,0,0,0,0,0,0,0,0,0)
Hex(27,12,0,7,0,0,0,0,0,0,0,0,0,0,0,0)
Hex(26,12,0,7,0,0,0,0,0,0,0,0,0,0,0,0)
Hex(28,12,0,0,0,0,0,0,0,0,0,0,0,0,0,0)
Hex(29,12,0,0,0,0,0,0,0,0,0,0,0,0,0,0)
Hex(31,12,0,7,0,0,0,0,0,0,0,0,0,0,0,0)
Hex(1,12,0,7,0,0,0,0,0,0,0,0,0,0,0,0)
Hex(30,12,0,7,0,0,0,0,0,0,0,0,0,0,0,0)
Hex(0,13,0,7,0,0,0,0,0,0,0,0,0,0,0,0)
Hex(31,13,0,1,0,4,0,0,0,0,0,15,0,50,0,0)
Hex(1,13,0,4,0,0,0,0,0,0,0,0,0,0,0,0)
Hex(30,13,0,3,0,0,0,0,0,0,0,0,0,0,0,0)
Hex(2,13,0,7,0,0,0,0,0,0,0,0,0,0,0,0)
Hex(4,13,0,3,0,0,0,0,0,0,0,0,0,0,0,0)
Hex(3,13,0,7,0,0,0,0,0,0,0,0,0,0,0,0)
Hex(5,13,0,4,0,0,0,0,0,0,0,0,0,0,0,0)
Hex(6,13,0,0,0,0,0,0,0,0,0,0,0,0,0,0)
Hex(7,13,0,7,0,0,0,0,0,0,0,0,0,0,0,0)
Hex(8,13,0,0,0,0,0,0,0,0,0,0,0,0,0,0)
Hex(11,13,0,8,0,0,0,0,0,0,0,0,0,0,0,0)
Hex(13,13,0,0,0,0,0,0,0,0,0,0,0,0,0,0)
Hex(12,13,0,7,0,0,0,0,0,0,0,0,0,0,0,0)
Hex(10,13,0,0,0,0,0,0,0,0,0,0,0,0,0,0)
Hex(14,13,0,9,0,0,0,0,0,0,0,0,0,0,0,0)
Hex(19,13,0,7,0,0,0,0,0,0,0,0,0,0,0,0)
Hex(20,13,0,9,0,0,0,0,0,0,0,0,0,0,0,0)
Hex(21,13,0,3,0,0,0,0,0,0,0,0,0,0,0,0)
Hex(18,13,0,7,0,0,0,0,0,0,0,0,0,0,0,0)
Hex(22,13,0,7,0,0,0,0,0,0,0,0,0,0,0,0)
Hex(27,13,0,1,0,4,0,0,0,0,0,15,0,50,0,0)
Hex(26,13,0,3,0,0,0,0,0,0,0,0,0,0,0,0)
Hex(28,13,0,0,0,0,0,0,0,0,0,0,0,0,0,0)
Hex(25,13,0,0,0,0,0,0,0,0,0,0,0,0,0,0)
Hex(29,13,0,7,0,0,0,0,0,0,0,0,0,0,0,0)
Hex(0,14,0,1,0,1,0,0,15,0,0,0,0,50,0,0)
Hex(31,14,0,7,0,0,0,0,0,0,0,0,0,0,0,0)
Hex(1,14,0,7,0,0,0,0,0,0,0,0,0,0,0,0)
Hex(30,14,0,7,0,0,0,0,0,0,0,0,0,0,0,0)
Hex(2,14,0,7,0,0,0,0,0,0,0,0,0,0,0,0)
Hex(4,14,0,1,0,3,0,0,0,0,30,0,0,100,0,0)
Hex(3,14,0,7,0,0,0,0,0,0,0,0,0,0,0,0)
Hex(5,14,0,3,0,0,0,0,0,0,0,0,0,0,0,0)
Hex(6,14,0,7,0,0,0,0,0,0,0,0,0,0,0,0)
Hex(7,14,0,3,0,0,0,0,0,0,0,0,0,0,0,0)
Hex(8,14,0,10,0,0,0,0,0,0,0,0,0,0,0,0)
Hex(9,14,0,4,0,0,0,0,0,0,0,0,0,0,0,0)
Hex(11,14,0,7,0,0,0,0,0,0,0,0,0,0,0,0)
Hex(13,14,0,4,0,0,0,0,0,0,0,0,0,0,0,0)
Hex(12,14,0,3,0,0,0,0,0,0,0,0,0,0,0,0)
Hex(10,14,0,7,0,0,0,0,0,0,0,0,0,0,0,0)
Hex(14,14,0,0,0,0,0,0,0,0,0,0,0,0,0,0)
Hex(15,14,0,7,0,0,0,0,0,0,0,0,0,0,0,0)
Hex(16,14,0,9,0,0,0,0,0,0,0,0,0,0,0,0)
Hex(20,14,0,1,0,1,0,0,30,0,0,0,0,100,0,0)
Hex(19,14,0,7,0,0,0,0,0,0,0,0,0,0,0,0)
Hex(21,14,0,3,0,0,0,0,0,0,0,0,0,0,0,0)
Hex(18,14,0,7,0,0,0,0,0,0,0,0,0,0,0,0)
Hex(22,14,0,7,0,0,0,0,0,0,0,0,0,0,0,0)
Hex(27,14,0,4,0,0,0,0,0,0,0,0,0,0,0,0)
Hex(25,14,0,9,0,0,0,0,0,0,0,0,0,0,0,0)
Hex(29,14,0,10,0,0,0,0,0,0,0,0,0,0,0,0)
Hex(26,14,0,7,0,0,0,0,0,0,0,0,0,0,0,0)
Hex(28,14,0,0,0,0,0,0,0,0,0,0,0,0,0,0)
Hex(31,15,0,3,0,0,0,0,0,0,0,0,0,0,0,0)
Hex(1,15,0,7,0,0,0,0,0,0,0,0,0,0,0,0)
Hex(0,15,0,3,0,0,0,0,0,0,0,0,0,0,0,0)
Hex(30,15,0,3,0,0,0,0,0,0,0,0,0,0,0,0)
Hex(2,15,0,7,0,0,0,0,0,0,0,0,0,0,0,0)
Hex(3,15,0,4,0,0,0,0,0,0,0,0,0,0,0,0)
Hex(5,15,0,7,0,0,0,0,0,0,0,0,0,0,0,0)
Hex(4,15,0,7,0,0,0,0,0,0,0,0,0,0,0,0)
Hex(6,15,0,7,0,0,0,0,0,0,0,0,0,0,0,0)
Hex(7,15,0,1,0,4,0,0,0,0,0,15,0,50,0,0)
Hex(8,15,0,7,0,0,0,0,0,0,0,0,0,0,0,0)
Hex(9,15,0,7,0,0,0,0,0,0,0,0,0,0,0,0)
Hex(12,15,0,1,0,1,0,0,30,0,0,0,0,100,0,0)
Hex(11,15,0,7,0,0,0,0,0,0,0,0,0,0,0,0)
Hex(13,15,0,7,0,0,0,0,0,0,0,0,0,0,0,0)
Hex(10,15,0,7,0,0,0,0,0,0,0,0,0,0,0,0)
Hex(14,15,0,1,0,1,0,0,30,0,0,0,0,100,0,0)
Hex(15,15,0,3,0,0,0,0,0,0,0,0,0,0,0,0)
Hex(16,15,0,8,0,0,0,0,0,0,0,0,0,0,0,0)
Hex(18,15,0,7,0,0,0,0,0,0,0,0,0,0,0,0)
Hex(19,15,0,7,0,0,0,0,0,0,0,0,0,0,0,0)
Hex(21,15,0,7,0,0,0,0,0,0,0,0,0,0,0,0)
Hex(20,15,0,7,0,0,0,0,0,0,0,0,0,0,0,0)
Hex(22,15,0,7,0,0,0,0,0,0,0,0,0,0,0,0)
Hex(27,15,0,9,0,0,0,0,0,0,0,0,0,0,0,0)
Hex(29,15,0,3,0,0,0,0,0,0,0,0,0,0,0,0)
Hex(28,15,0,7,0,0,0,0,0,0,0,0,0,0,0,0)
Hex(31,16,0,7,0,0,0,0,0,0,0,0,0,0,0,0)
Hex(1,16,0,7,0,0,0,0,0,0,0,0,0,0,0,0)
Hex(0,16,0,3,0,0,0,0,0,0,0,0,0,0,0,0)
Hex(30,16,0,3,0,0,0,0,0,0,0,0,0,0,0,0)
Hex(2,16,0,7,0,0,0,0,0,0,0,0,0,0,0,0)
Hex(3,16,0,7,0,0,0,0,0,0,0,0,0,0,0,0)
Hex(5,16,0,1,0,3,0,0,0,0,30,0,0,100,0,0)
Hex(4,16,0,3,0,0,0,0,0,0,0,0,0,0,0,0)
Hex(6,16,0,7,0,0,0,0,0,0,0,0,0,0,0,0)
Hex(7,16,0,7,0,0,0,0,0,0,0,0,0,0,0,0)
Hex(9,16,0,7,0,0,0,0,0,0,0,0,0,0,0,0)
Hex(8,16,0,9,0,0,0,0,0,0,0,0,0,0,0,0)
Hex(11,16,0,7,0,0,0,0,0,0,0,0,0,0,0,0)
Hex(13,16,0,3,0,0,0,0,0,0,0,0,0,0,0,0)
Hex(12,16,0,3,0,0,0,0,0,0,0,0,0,0,0,0)
Hex(10,16,0,7,0,0,0,0,0,0,0,0,0,0,0,0)
Hex(14,16,0,7,0,0,0,0,0,0,0,0,0,0,0,0)
Hex(15,16,0,7,0,0,0,0,0,0,0,0,0,0,0,0)
Hex(16,16,0,4,0,0,0,0,0,0,0,0,0,0,0,0)
Hex(18,16,0,7,0,0,0,0,0,0,0,0,0,0,0,0)
Hex(17,16,0,0,0,0,0,0,0,0,0,0,0,0,0,0)
Hex(19,16,0,7,0,0,0,0,0,0,0,0,0,0,0,0)
Hex(20,16,0,0,0,0,0,0,0,0,0,0,0,0,0,0)
Hex(21,16,0,3,0,0,0,0,0,0,0,0,0,0,0,0)
Hex(22,16,0,7,0,0,0,0,0,0,0,0,0,0,0,0)
Hex(23,16,0,7,0,0,0,0,0,0,0,0,0,0,0,0)
Hex(25,16,0,9,0,0,0,0,0,0,0,0,0,0,0,0)
Hex(24,16,0,4,0,0,0,0,0,0,0,0,0,0,0,0)
Hex(26,16,0,7,0,0,0,0,0,0,0,0,0,0,0,0)
Hex(29,16,0,1,0,2,0,0,0,45,0,0,0,150,0,0)
Hex(28,16,0,9,0,0,0,0,0,0,0,0,0,0,0,0)
Hex(27,16,0,7,0,0,0,0,0,0,0,0,0,0,0,0)
Hex(0,17,0,1,0,3,0,0,0,0,30,0,0,100,0,0)
Hex(31,17,0,7,0,0,0,0,0,0,0,0,0,0,0,0)
Hex(1,17,0,7,0,0,0,0,0,0,0,0,0,0,0,0)
Hex(30,17,0,5,0,0,0,0,0,0,0,0,0,0,0,0)
Hex(2,17,0,7,0,0,0,0,0,0,0,0,0,0,0,0)
Hex(5,17,0,4,0,0,0,0,0,0,0,0,0,0,0,0)
Hex(3,17,0,4,0,0,0,0,0,0,0,0,0,0,0,0)
Hex(7,17,0,3,0,0,0,0,0,0,0,0,0,0,0,0)
Hex(4,17,0,9,0,0,0,0,0,0,0,0,0,0,0,0)
Hex(6,17,0,3,0,0,0,0,0,0,0,0,0,0,0,0)
Hex(8,17,0,0,0,0,0,0,0,0,0,0,0,0,0,0)
Hex(9,17,0,9,0,0,0,0,0,0,0,0,0,0,0,0)
Hex(11,17,0,9,0,0,0,0,0,0,0,0,0,0,0,0)
Hex(13,17,0,7,0,0,0,0,0,0,0,0,0,0,0,0)
Hex(12,17,0,9,0,0,0,0,0,0,0,0,0,0,0,0)
Hex(15,17,0,7,0,0,0,0,0,0,0,0,0,0,0,0)
Hex(14,17,0,3,0,0,0,0,0,0,0,0,0,0,0,0)
Hex(16,17,0,9,0,0,0,0,0,0,0,0,0,0,0,0)
Hex(18,17,0,1,0,5,0,0,0,0,0,0,30,100,0,0)
Hex(17,17,0,3,0,0,0,0,0,0,0,0,0,0,0,0)
Hex(19,17,0,3,0,0,0,0,0,0,0,0,0,0,0,0)
Hex(20,17,0,3,0,0,0,0,0,0,0,0,0,0,0,0)
Hex(21,17,0,1,0,1,0,0,45,0,0,0,0,150,0,0)
Hex(22,17,0,0,0,0,0,0,0,0,0,0,0,0,0,0)
Hex(23,17,0,7,0,0,0,0,0,0,0,0,0,0,0,0)
Hex(25,17,0,9,0,0,0,0,0,0,0,0,0,0,0,0)
Hex(24,17,0,10,0,0,0,0,0,0,0,0,0,0,0,0)
Hex(26,17,0,9,0,0,0,0,0,0,0,0,0,0,0,0)
Hex(27,17,0,7,0,0,0,0,0,0,0,0,0,0,0,0)
Hex(29,17,0,0,0,0,0,0,0,0,0,0,0,0,0,0)
Hex(28,17,0,3,0,0,0,0,0,0,0,0,0,0,0,0)
Hex(31,18,0,7,0,0,0,0,0,0,0,0,0,0,0,0)
Hex(1,18,0,4,0,0,0,0,0,0,0,0,0,0,0,0)
Hex(0,18,0,3,0,0,0,0,0,0,0,0,0,0,0,0)
Hex(30,18,0,4,0,0,0,0,0,0,0,0,0,0,0,0)
Hex(2,18,0,7,0,0,0,0,0,0,0,0,0,0,0,0)
Hex(5,18,0,0,0,0,0,0,0,0,0,0,0,0,0,0)
Hex(7,18,0,1,0,3,0,0,0,0,30,0,0,100,0,0)
Hex(6,18,0,9,0,0,0,0,0,0,0,0,0,0,0,0)
Hex(8,18,0,7,0,0,0,0,0,0,0,0,0,0,0,0)
Hex(9,18,0,7,0,0,0,0,0,0,0,0,0,0,0,0)
Hex(10,18,0,7,0,0,0,0,0,0,0,0,0,0,0,0)
Hex(14,18,0,1,0,5,0,0,0,0,0,0,45,150,0,0)
Hex(13,18,0,9,0,0,0,0,0,0,0,0,0,0,0,0)
Hex(15,18,0,3,0,0,0,0,0,0,0,0,0,0,0,0)
Hex(12,18,0,0,0,0,0,0,0,0,0,0,0,0,0,0)
Hex(16,18,0,4,0,0,0,0,0,0,0,0,0,0,0,0)
Hex(17,18,0,0,0,0,0,0,0,0,0,0,0,0,0,0)
Hex(19,18,0,7,0,0,0,0,0,0,0,0,0,0,0,0)
Hex(18,18,0,7,0,0,0,0,0,0,0,0,0,0,0,0)
Hex(20,18,0,3,0,0,0,0,0,0,0,0,0,0,0,0)
Hex(21,18,0,4,0,0,0,0,0,0,0,0,0,0,0,0)
Hex(23,18,0,7,0,0,0,0,0,0,0,0,0,0,0,0)
Hex(22,18,0,9,0,0,0,0,0,0,0,0,0,0,0,0)
Hex(25,18,0,1,0,2,0,0,0,15,0,0,0,50,0,0)
Hex(24,18,0,4,0,0,0,0,0,0,0,0,0,0,0,0)
Hex(26,18,0,7,0,0,0,0,0,0,0,0,0,0,0,0)
Hex(27,18,0,7,0,0,0,0,0,0,0,0,0,0,0,0)
Hex(29,18,0,4,0,0,0,0,0,0,0,0,0,0,0,0)
Hex(31,19,0,7,0,0,0,0,0,0,0,0,0,0,0,0)
Hex(1,19,0,0,0,0,0,0,0,0,0,0,0,0,0,0)
Hex(0,19,0,7,0,0,0,0,0,0,0,0,0,0,0,0)
Hex(7,19,0,3,0,0,0,0,0,0,0,0,0,0,0,0)
Hex(5,19,0,7,0,0,0,0,0,0,0,0,0,0,0,0)
Hex(9,19,0,7,0,0,0,0,0,0,0,0,0,0,0,0)
Hex(6,19,0,7,0,0,0,0,0,0,0,0,0,0,0,0)
Hex(8,19,0,7,0,0,0,0,0,0,0,0,0,0,0,0)
Hex(10,19,0,3,0,0,0,0,0,0,0,0,0,0,0,0)
Hex(11,19,0,0,0,0,0,0,0,0,0,0,0,0,0,0)
Hex(13,19,0,7,0,0,0,0,0,0,0,0,0,0,0,0)
Hex(15,19,0,3,0,0,0,0,0,0,0,0,0,0,0,0)
Hex(14,19,0,7,0,0,0,0,0,0,0,0,0,0,0,0)
Hex(12,19,0,7,0,0,0,0,0,0,0,0,0,0,0,0)
Hex(16,19,0,7,0,0,0,0,0,0,0,0,0,0,0,0)
Hex(17,19,0,7,0,0,0,0,0,0,0,0,0,0,0,0)
Hex(19,19,0,4,0,0,0,0,0,0,0,0,0,0,0,0)
Hex(18,19,0,7,0,0,0,0,0,0,0,0,0,0,0,0)
Hex(21,19,0,7,0,0,0,0,0,0,0,0,0,0,0,0)
Hex(25,19,0,7,0,0,0,0,0,0,0,0,0,0,0,0)
Hex(23,19,0,4,0,0,0,0,0,0,0,0,0,0,0,0)
Hex(27,19,0,7,0,0,0,0,0,0,0,0,0,0,0,0)
Hex(24,19,0,7,0,0,0,0,0,0,0,0,0,0,0,0)
Hex(26,19,0,3,0,0,0,0,0,0,0,0,0,0,0,0)
Hex(0,20,0,4,0,0,0,0,0,0,0,0,0,0,0,0)
Hex(7,20,0,7,0,0,0,0,0,0,0,0,0,0,0,0)
Hex(8,20,0,4,0,0,0,0,0,0,0,0,0,0,0,0)
Hex(9,20,0,1,0,4,0,0,0,0,0,30,0,100,0,0)
Hex(10,20,0,7,0,0,0,0,0,0,0,0,0,0,0,0)
Hex(11,20,0,0,0,0,0,0,0,0,0,0,0,0,0,0)
Hex(13,20,0,7,0,0,0,0,0,0,0,0,0,0,0,0)
Hex(15,20,0,3,0,0,0,0,0,0,0,0,0,0,0,0)
Hex(14,20,0,10,0,0,0,0,0,0,0,0,0,0,0,0)
Hex(16,20,0,0,0,0,0,0,0,0,0,0,0,0,0,0)
Hex(17,20,0,4,0,0,0,0,0,0,0,0,0,0,0,0)
Hex(18,20,0,7,0,0,0,0,0,0,0,0,0,0,0,0)
Hex(25,20,0,0,0,0,0,0,0,0,0,0,0,0,0,0)
Hex(24,20,0,3,0,0,0,0,0,0,0,0,0,0,0,0)
Hex(26,20,0,8,0,0,0,0,0,0,0,0,0,0,0,0)
Hex(23,20,0,7,0,0,0,0,0,0,0,0,0,0,0,0)
Hex(27,20,0,7,0,0,0,0,0,0,0,0,0,0,0,0)
Hex(29,20,0,9,0,0,0,0,0,0,0,0,0,0,0,0)
Hex(28,20,0,0,0,0,0,0,0,0,0,0,0,0,0,0)
Hex(30,20,0,7,0,0,0,0,0,0,0,0,0,0,0,0)
Hex(0,21,0,3,0,0,0,0,0,0,0,0,0,0,0,0)
Hex(31,21,0,7,0,0,0,0,0,0,0,0,0,0,0,0)
Hex(1,21,0,4,0,0,0,0,0,0,0,0,0,0,0,0)
Hex(30,21,0,4,0,0,0,0,0,0,0,0,0,0,0,0)
Hex(2,21,0,3,0,0,0,0,0,0,0,0,0,0,0,0)
Hex(8,21,0,3,0,0,0,0,0,0,0,0,0,0,0,0)
Hex(7,21,0,7,0,0,0,0,0,0,0,0,0,0,0,0)
Hex(9,21,0,3,0,0,0,0,0,0,0,0,0,0,0,0)
Hex(6,21,0,3,0,0,0,0,0,0,0,0,0,0,0,0)
Hex(10,21,0,0,0,0,0,0,0,0,0,0,0,0,0,0)
Hex(11,21,0,7,0,0,0,0,0,0,0,0,0,0,0,0)
Hex(16,21,0,1,0,4,0,0,0,0,0,30,0,100,0,0)
Hex(15,21,0,9,0,0,0,0,0,0,0,0,0,0,0,0)
Hex(17,21,0,7,0,0,0,0,0,0,0,0,0,0,0,0)
Hex(14,21,0,7,0,0,0,0,0,0,0,0,0,0,0,0)
Hex(18,21,0,9,0,0,0,0,0,0,0,0,0,0,0,0)
Hex(25,21,0,1,0,5,0,0,0,0,0,0,45,150,0,0)
Hex(24,21,0,3,0,0,0,0,0,0,0,0,0,0,0,0)
Hex(26,21,0,4,0,0,0,0,0,0,0,0,0,0,0,0)
Hex(23,21,0,7,0,0,0,0,0,0,0,0,0,0,0,0)
Hex(27,21,0,7,0,0,0,0,0,0,0,0,0,0,0,0)
Hex(29,21,0,3,0,0,0,0,0,0,0,0,0,0,0,0)
Hex(28,21,0,10,0,0,0,0,0,0,0,0,0,0,0,0)
Hex(0,22,0,1,0,2,0,0,0,30,0,0,0,100,0,0)
Hex(31,22,0,3,0,0,0,0,0,0,0,0,0,0,0,0)
Hex(1,22,0,9,0,0,0,0,0,0,0,0,0,0,0,0)
Hex(30,22,0,7,0,0,0,0,0,0,0,0,0,0,0,0)
Hex(2,22,0,7,0,0,0,0,0,0,0,0,0,0,0,0)
Hex(6,22,0,4,0,0,0,0,0,0,0,0,0,0,0,0)
Hex(8,22,0,1,0,3,0,0,0,0,45,0,0,150,0,0)
Hex(7,22,0,7,0,0,0,0,0,0,0,0,0,0,0,0)
Hex(9,22,0,7,0,0,0,0,0,0,0,0,0,0,0,0)
Hex(10,22,0,7,0,0,0,0,0,0,0,0,0,0,0,0)
Hex(15,22,0,7,0,0,0,0,0,0,0,0,0,0,0,0)
Hex(17,22,0,10,0,0,0,0,0,0,0,0,0,0,0,0)
Hex(16,22,0,3,0,0,0,0,0,0,0,0,0,0,0,0)
Hex(14,22,0,7,0,0,0,0,0,0,0,0,0,0,0,0)
Hex(18,22,0,7,0,0,0,0,0,0,0,0,0,0,0,0)
Hex(22,22,0,7,0,0,0,0,0,0,0,0,0,0,0,0)
Hex(25,22,0,4,0,0,0,0,0,0,0,0,0,0,0,0)
Hex(23,22,0,7,0,0,0,0,0,0,0,0,0,0,0,0)
Hex(27,22,0,0,0,0,0,0,0,0,0,0,0,0,0,0)
Hex(24,22,0,3,0,0,0,0,0,0,0,0,0,0,0,0)
Hex(26,22,0,7,0,0,0,0,0,0,0,0,0,0,0,0)
Hex(29,22,0,1,0,3,0,0,0,0,30,0,0,100,0,0)
Hex(28,22,0,4,0,0,0,0,0,0,0,0,0,0,0,0)
Hex(31,23,0,3,0,0,0,0,0,0,0,0,0,0,0,0)
Hex(1,23,0,7,0,0,0,0,0,0,0,0,0,0,0,0)
Hex(0,23,0,7,0,0,0,0,0,0,0,0,0,0,0,0)
Hex(30,23,0,7,0,0,0,0,0,0,0,0,0,0,0,0)
Hex(2,23,0,4,0,0,0,0,0,0,0,0,0,0,0,0)
Hex(6,23,0,8,0,0,0,0,0,0,0,0,0,0,0,0)
Hex(5,23,0,0,0,0,0,0,0,0,0,0,0,0,0,0)
Hex(7,23,0,3,0,0,0,0,0,0,0,0,0,0,0,0)
Hex(4,23,0,7,0,0,0,0,0,0,0,0,0,0,0,0)
Hex(8,23,0,7,0,0,0,0,0,0,0,0,0,0,0,0)
Hex(9,23,0,3,0,0,0,0,0,0,0,0,0,0,0,0)
Hex(10,23,0,7,0,0,0,0,0,0,0,0,0,0,0,0)
Hex(15,23,0,0,0,0,0,0,0,0,0,0,0,0,0,0)
Hex(14,23,0,7,0,0,0,0,0,0,0,0,0,0,0,0)
Hex(16,23,0,7,0,0,0,0,0,0,0,0,0,0,0,0)
Hex(17,23,0,7,0,0,0,0,0,0,0,0,0,0,0,0)
Hex(18,23,0,10,0,0,0,0,0,0,0,0,0,0,0,0)
Hex(22,23,0,7,0,0,0,0,0,0,0,0,0,0,0,0)
Hex(21,23,0,7,0,0,0,0,0,0,0,0,0,0,0,0)
Hex(23,23,0,3,0,0,0,0,0,0,0,0,0,0,0,0)
Hex(20,23,0,4,0,0,0,0,0,0,0,0,0,0,0,0)
Hex(24,23,0,4,0,0,0,0,0,0,0,0,0,0,0,0)
Hex(25,23,0,7,0,0,0,0,0,0,0,0,0,0,0,0)
Hex(26,23,0,7,0,0,0,0,0,0,0,0,0,0,0,0)
Hex(27,23,0,4,0,0,0,0,0,0,0,0,0,0,0,0)
Hex(28,23,0,7,0,0,0,0,0,0,0,0,0,0,0,0)
Hex(29,23,0,3,0,0,0,0,0,0,0,0,0,0,0,0)
Hex(31,24,0,4,0,0,0,0,0,0,0,0,0,0,0,0)
Hex(1,24,0,0,0,0,0,0,0,0,0,0,0,0,0,0)
Hex(0,24,0,10,0,0,0,0,0,0,0,0,0,0,0,0)
Hex(2,24,0,3,0,0,0,0,0,0,0,0,0,0,0,0)
Hex(3,24,0,7,0,0,0,0,0,0,0,0,0,0,0,0)
Hex(4,24,0,10,0,0,0,0,0,0,0,0,0,0,0,0)
Hex(6,24,0,1,0,1,0,0,30,0,0,0,0,100,0,0)
Hex(5,24,0,3,0,0,0,0,0,0,0,0,0,0,0,0)
Hex(7,24,0,4,0,0,0,0,0,0,0,0,0,0,0,0)
Hex(8,24,0,4,0,0,0,0,0,0,0,0,0,0,0,0)
Hex(9,24,0,9,0,0,0,0,0,0,0,0,0,0,0,0)
Hex(10,24,0,7,0,0,0,0,0,0,0,0,0,0,0,0)
Hex(11,24,0,7,0,0,0,0,0,0,0,0,0,0,0,0)
Hex(12,24,0,7,0,0,0,0,0,0,0,0,0,0,0,0)
Hex(15,24,0,3,0,0,0,0,0,0,0,0,0,0,0,0)
Hex(14,24,0,3,0,0,0,0,0,0,0,0,0,0,0,0)
Hex(16,24,0,1,0,2,0,0,0,30,0,0,0,100,0,0)
Hex(13,24,0,7,0,0,0,0,0,0,0,0,0,0,0,0)
Hex(17,24,0,0,0,0,0,0,0,0,0,0,0,0,0,0)
Hex(18,24,0,7,0,0,0,0,0,0,0,0,0,0,0,0)
Hex(22,24,0,1,0,3,0,0,0,0,30,0,0,100,0,0)
Hex(21,24,0,0,0,0,0,0,0,0,0,0,0,0,0,0)
Hex(23,24,0,7,0,0,0,0,0,0,0,0,0,0,0,0)
Hex(20,24,0,0,0,0,0,0,0,0,0,0,0,0,0,0)
Hex(24,24,0,9,0,0,0,0,0,0,0,0,0,0,0,0)
Hex(26,24,0,1,0,3,0,0,0,0,30,0,0,100,0,0)
Hex(25,24,0,3,0,0,0,0,0,0,0,0,0,0,0,0)
Hex(27,24,0,7,0,0,0,0,0,0,0,0,0,0,0,0)
Hex(28,24,0,9,0,0,0,0,0,0,0,0,0,0,0,0)
Hex(29,24,0,10,0,0,0,0,0,0,0,0,0,0,0,0)
Hex(30,24,0,7,0,0,0,0,0,0,0,0,0,0,0,0)
Hex(2,25,0,1,0,4,0,0,0,0,0,15,0,50,0,0)
Hex(1,25,0,8,0,0,0,0,0,0,0,0,0,0,0,0)
Hex(3,25,0,7,0,0,0,0,0,0,0,0,0,0,0,0)
Hex(0,25,0,4,0,0,0,0,0,0,0,0,0,0,0,0)
Hex(4,25,0,4,0,0,0,0,0,0,0,0,0,0,0,0)
Hex(5,25,0,4,0,0,0,0,0,0,0,0,0,0,0,0)
Hex(7,25,0,7,0,0,0,0,0,0,0,0,0,0,0,0)
Hex(6,25,0,4,0,0,0,0,0,0,0,0,0,0,0,0)
Hex(8,25,0,0,0,0,0,0,0,0,0,0,0,0,0,0)
Hex(10,25,0,1,0,5,0,0,0,0,0,0,30,100,0,0)
Hex(9,25,0,3,0,0,0,0,0,0,0,0,0,0,0,0)
Hex(11,25,0,7,0,0,0,0,0,0,0,0,0,0,0,0)
Hex(12,25,0,7,0,0,0,0,0,0,0,0,0,0,0,0)
Hex(15,25,0,1,0,1,0,0,45,0,0,0,0,150,0,0)
Hex(14,25,0,7,0,0,0,0,0,0,0,0,0,0,0,0)
Hex(16,25,0,3,0,0,0,0,0,0,0,0,0,0,0,0)
Hex(13,25,0,0,0,0,0,0,0,0,0,0,0,0,0,0)
Hex(17,25,0,7,0,0,0,0,0,0,0,0,0,0,0,0)
Hex(18,25,0,4,0,0,0,0,0,0,0,0,0,0,0,0)
Hex(21,25,0,10,0,0,0,0,0,0,0,0,0,0,0,0)
Hex(23,25,0,7,0,0,0,0,0,0,0,0,0,0,0,0)
Hex(22,25,0,3,0,0,0,0,0,0,0,0,0,0,0,0)
Hex(20,25,0,0,0,0,0,0,0,0,0,0,0,0,0,0)
Hex(24,25,0,4,0,0,0,0,0,0,0,0,0,0,0,0)
Hex(25,25,0,7,0,0,0,0,0,0,0,0,0,0,0,0)
Hex(27,25,0,7,0,0,0,0,0,0,0,0,0,0,0,0)
Hex(26,25,0,3,0,0,0,0,0,0,0,0,0,0,0,0)
Hex(28,25,0,0,0,0,0,0,0,0,0,0,0,0,0,0)
Hex(29,25,0,3,0,0,0,0,0,0,0,0,0,0,0,0)
Hex(30,25,0,3,0,0,0,0,0,0,0,0,0,0,0,0)
Hex(31,25,0,4,0,0,0,0,0,0,0,0,0,0,0,0)
Hex(1,26,0,9,0,0,0,0,0,0,0,0,0,0,0,0)
Hex(3,26,0,7,0,0,0,0,0,0,0,0,0,0,0,0)
Hex(2,26,0,7,0,0,0,0,0,0,0,0,0,0,0,0)
Hex(0,26,0,0,0,0,0,0,0,0,0,0,0,0,0,0)
Hex(4,26,0,4,0,0,0,0,0,0,0,0,0,0,0,0)
Hex(5,26,0,9,0,0,0,0,0,0,0,0,0,0,0,0)
Hex(7,26,0,7,0,0,0,0,0,0,0,0,0,0,0,0)
Hex(6,26,0,7,0,0,0,0,0,0,0,0,0,0,0,0)
Hex(9,26,0,3,0,0,0,0,0,0,0,0,0,0,0,0)
Hex(11,26,0,5,0,0,0,0,0,0,0,0,0,0,0,0)
Hex(10,26,0,9,0,0,0,0,0,0,0,0,0,0,0,0)
Hex(8,26,0,4,0,0,0,0,0,0,0,0,0,0,0,0)
Hex(12,26,0,7,0,0,0,0,0,0,0,0,0,0,0,0)
Hex(15,26,0,7,0,0,0,0,0,0,0,0,0,0,0,0)
Hex(13,26,0,7,0,0,0,0,0,0,0,0,0,0,0,0)
Hex(17,26,0,9,0,0,0,0,0,0,0,0,0,0,0,0)
Hex(14,26,0,8,0,0,0,0,0,0,0,0,0,0,0,0)
Hex(16,26,0,5,0,0,0,0,0,0,0,0,0,0,0,0)
Hex(20,26,0,3,0,0,0,0,0,0,0,0,0,0,0,0)
Hex(21,26,0,3,0,0,0,0,0,0,0,0,0,0,0,0)
Hex(23,26,0,7,0,0,0,0,0,0,0,0,0,0,0,0)
Hex(22,26,0,7,0,0,0,0,0,0,0,0,0,0,0,0)
Hex(25,26,0,0,0,0,0,0,0,0,0,0,0,0,0,0)
Hex(27,26,0,7,0,0,0,0,0,0,0,0,0,0,0,0)
Hex(26,26,0,9,0,0,0,0,0,0,0,0,0,0,0,0)
Hex(28,26,0,9,0,0,0,0,0,0,0,0,0,0,0,0)
Hex(29,26,0,1,0,1,0,0,30,0,0,0,0,100,0,0)
Hex(30,26,0,7,0,0,0,0,0,0,0,0,0,0,0,0)
Hex(31,26,0,7,0,0,0,0,0,0,0,0,0,0,0,0)
Hex(1,27,0,7,0,0,0,0,0,0,0,0,0,0,0,0)
Hex(3,27,0,7,0,0,0,0,0,0,0,0,0,0,0,0)
Hex(2,27,0,7,0,0,0,0,0,0,0,0,0,0,0,0)
Hex(0,27,0,7,0,0,0,0,0,0,0,0,0,0,0,0)
Hex(4,27,0,7,0,0,0,0,0,0,0,0,0,0,0,0)
Hex(9,27,0,9,0,0,0,0,0,0,0,0,0,0,0,0)
Hex(11,27,0,10,0,0,0,0,0,0,0,0,0,0,0,0)
Hex(10,27,0,0,0,0,0,0,0,0,0,0,0,0,0,0)
Hex(13,27,0,7,0,0,0,0,0,0,0,0,0,0,0,0)
Hex(12,27,0,7,0,0,0,0,0,0,0,0,0,0,0,0)
Hex(14,27,0,7,0,0,0,0,0,0,0,0,0,0,0,0)
Hex(15,27,0,7,0,0,0,0,0,0,0,0,0,0,0,0)
Hex(18,27,0,7,0,0,0,0,0,0,0,0,0,0,0,0)
Hex(20,27,0,7,0,0,0,0,0,0,0,0,0,0,0,0)
Hex(19,27,0,0,0,0,0,0,0,0,0,0,0,0,0,0)
Hex(21,27,0,7,0,0,0,0,0,0,0,0,0,0,0,0)
Hex(22,27,0,7,0,0,0,0,0,0,0,0,0,0,0,0)
Hex(23,27,0,7,0,0,0,0,0,0,0,0,0,0,0,0)
Hex(24,27,0,7,0,0,0,0,0,0,0,0,0,0,0,0)
Hex(26,27,0,7,0,0,0,0,0,0,0,0,0,0,0,0)
Hex(27,27,0,1,0,4,0,0,0,0,0,15,0,50,0,0)
Hex(28,27,0,7,0,0,0,0,0,0,0,0,0,0,0,0)
Hex(25,27,0,7,0,0,0,0,0,0,0,0,0,0,0,0)
Hex(29,27,0,7,0,0,0,0,0,0,0,0,0,0,0,0)
Hex(31,27,0,9,0,0,0,0,0,0,0,0,0,0,0,0)
Hex(30,27,0,7,0,0,0,0,0,0,0,0,0,0,0,0)
Hex(2,28,0,1,0,2,0,0,0,15,0,0,0,50,0,0)
Hex(1,28,0,3,0,0,0,0,0,0,0,0,0,0,0,0)
Hex(3,28,0,7,0,0,0,0,0,0,0,0,0,0,0,0)
Hex(0,28,0,9,0,0,0,0,0,0,0,0,0,0,0,0)
Hex(4,28,0,10,0,0,0,0,0,0,0,0,0,0,0,0)
Hex(8,28,0,2,0,0,0,0,0,0,0,0,0,0,0,0)
Hex(13,28,0,4,0,0,0,0,0,0,0,0,0,0,0,0)
Hex(12,28,0,3,0,0,0,0,0,0,0,0,0,0,0,0)
Hex(14,28,0,10,0,0,0,0,0,0,0,0,0,0,0,0)
Hex(11,28,0,7,0,0,0,0,0,0,0,0,0,0,0,0)
Hex(15,28,0,7,0,0,0,0,0,0,0,0,0,0,0,0)
Hex(18,28,0,7,0,0,0,0,0,0,0,0,0,0,0,0)
Hex(17,28,0,3,0,0,0,0,0,0,0,0,0,0,0,0)
Hex(19,28,0,7,0,0,0,0,0,0,0,0,0,0,0,0)
Hex(16,28,0,4,0,0,0,0,0,0,0,0,0,0,0,0)
Hex(20,28,0,1,0,1,0,0,15,0,0,0,0,50,0,0)
Hex(21,28,0,3,0,0,0,0,0,0,0,0,0,0,0,0)
Hex(22,28,0,3,0,0,0,0,0,0,0,0,0,0,0,0)
Hex(23,28,0,3,0,0,0,0,0,0,0,0,0,0,0,0)
Hex(24,28,0,10,0,0,0,0,0,0,0,0,0,0,0,0)
Hex(25,28,0,3,0,0,0,0,0,0,0,0,0,0,0,0)
Hex(26,28,0,7,0,0,0,0,0,0,0,0,0,0,0,0)
Hex(27,28,0,3,0,0,0,0,0,0,0,0,0,0,0,0)
Hex(28,28,0,9,0,0,0,0,0,0,0,0,0,0,0,0)
Hex(29,28,0,10,0,0,0,0,0,0,0,0,0,0,0,0)
Hex(1,29,0,9,0,0,0,0,0,0,0,0,0,0,0,0)
Hex(3,29,0,7,0,0,0,0,0,0,0,0,0,0,0,0)
Hex(2,29,0,7,0,0,0,0,0,0,0,0,0,0,0,0)
Hex(0,29,0,4,0,0,0,0,0,0,0,0,0,0,0,0)
Hex(4,29,0,10,0,0,0,0,0,0,0,0,0,0,0,0)
Hex(7,29,0,10,0,0,0,0,0,0,0,0,0,0,0,0)
Hex(6,29,0,4,0,0,0,0,0,0,0,0,0,0,0,0)
Hex(8,29,0,0,0,0,0,0,0,0,0,0,0,0,0,0)
Hex(9,29,0,7,0,0,0,0,0,0,0,0,0,0,0,0)
Hex(10,29,0,3,0,0,0,0,0,0,0,0,0,0,0,0)
Hex(13,29,0,1,0,5,0,0,0,0,0,0,30,100,0,0)
Hex(12,29,0,5,0,0,0,0,0,0,0,0,0,0,0,0)
Hex(14,29,0,3,0,0,0,0,0,0,0,0,0,0,0,0)
Hex(11,29,0,7,0,0,0,0,0,0,0,0,0,0,0,0)
Hex(15,29,0,7,0,0,0,0,0,0,0,0,0,0,0,0)
Hex(18,29,0,1,0,3,0,0,0,0,45,0,0,150,0,0)
Hex(17,29,0,3,0,0,0,0,0,0,0,0,0,0,0,0)
Hex(19,29,0,7,0,0,0,0,0,0,0,0,0,0,0,0)
Hex(16,29,0,2,0,0,0,0,0,0,0,0,0,0,0,0)
Hex(20,29,0,9,0,0,0,0,0,0,0,0,0,0,0,0)
Hex(21,29,0,7,0,0,0,0,0,0,0,0,0,0,0,0)
Hex(22,29,0,9,0,0,0,0,0,0,0,0,0,0,0,0)
Hex(23,29,0,1,0,4,0,0,0,0,0,30,0,100,0,0)
Hex(24,29,0,4,0,0,0,0,0,0,0,0,0,0,0,0)
Hex(25,29,0,7,0,0,0,0,0,0,0,0,0,0,0,0)
Hex(26,29,0,1,0,3,0,0,0,0,15,0,0,50,0,0)
Hex(27,29,0,0,0,0,0,0,0,0,0,0,0,0,0,0)
Hex(28,29,0,3,0,0,0,0,0,0,0,0,0,0,0,0)
Hex(29,29,0,7,0,0,0,0,0,0,0,0,0,0,0,0)
Hex(30,29,0,3,0,0,0,0,0,0,0,0,0,0,0,0)
Hex(1,30,0,7,0,0,0,0,0,0,0,0,0,0,0,0)
Hex(0,30,0,7,0,0,0,0,0,0,0,0,0,0,0,0)
Hex(2,30,0,4,0,0,0,0,0,0,0,0,0,0,0,0)
Hex(3,30,0,7,0,0,0,0,0,0,0,0,0,0,0,0)
Hex(7,30,0,7,0,0,0,0,0,0,0,0,0,0,0,0)
Hex(6,30,0,7,0,0,0,0,0,0,0,0,0,0,0,0)
Hex(8,30,0,1,0,2,0,0,0,30,0,0,0,100,0,0)
Hex(5,30,0,10,0,0,0,0,0,0,0,0,0,0,0,0)
Hex(9,30,0,3,0,0,0,0,0,0,0,0,0,0,0,0)
Hex(10,30,0,9,0,0,0,0,0,0,0,0,0,0,0,0)
Hex(13,30,0,9,0,0,0,0,0,0,0,0,0,0,0,0)
Hex(11,30,0,7,0,0,0,0,0,0,0,0,0,0,0,0)
Hex(15,30,0,7,0,0,0,0,0,0,0,0,0,0,0,0)
Hex(12,30,0,9,0,0,0,0,0,0,0,0,0,0,0,0)
Hex(14,30,0,7,0,0,0,0,0,0,0,0,0,0,0,0)
Hex(17,30,0,3,0,0,0,0,0,0,0,0,0,0,0,0)
Hex(19,30,0,7,0,0,0,0,0,0,0,0,0,0,0,0)
Hex(18,30,0,7,0,0,0,0,0,0,0,0,0,0,0,0)
Hex(16,30,0,0,0,0,0,0,0,0,0,0,0,0,0,0)
Hex(20,30,0,3,0,0,0,0,0,0,0,0,0,0,0,0)
Hex(21,30,0,1,0,5,0,0,0,0,0,0,15,50,0,0)
Hex(22,30,0,7,0,0,0,0,0,0,0,0,0,0,0,0)
Hex(23,30,0,7,0,0,0,0,0,0,0,0,0,0,0,0)
Hex(25,30,0,4,0,0,0,0,0,0,0,0,0,0,0,0)
Hex(24,30,0,9,0,0,0,0,0,0,0,0,0,0,0,0)
Hex(27,30,0,7,0,0,0,0,0,0,0,0,0,0,0,0)
Hex(26,30,0,7,0,0,0,0,0,0,0,0,0,0,0,0)
Hex(28,30,0,1,0,5,0,0,0,0,0,0,15,50,0,0)
Hex(29,30,0,5,0,0,0,0,0,0,0,0,0,0,0,0)
Hex(30,30,0,12,3,1,0,0,400,0,0,0,0,50,0,0)
Hex(1,31,0,3,0,0,0,0,0,0,0,0,0,0,0,0)
Hex(0,31,0,7,0,0,0,0,0,0,0,0,0,0,0,0)
Hex(2,31,0,7,0,0,0,0,0,0,0,0,0,0,0,0)
Hex(31,31,0,7,0,0,0,0,0,0,0,0,0,0,0,0)
Hex(3,31,0,7,0,0,0,0,0,0,0,0,0,0,0,0)
Hex(4,31,0,7,0,0,0,0,0,0,0,0,0,0,0,0)
Hex(7,31,0,1,0,3,0,0,0,0,15,0,0,50,0,0)
Hex(6,31,0,7,0,0,0,0,0,0,0,0,0,0,0,0)
Hex(8,31,0,3,0,0,0,0,0,0,0,0,0,0,0,0)
Hex(5,31,0,7,0,0,0,0,0,0,0,0,0,0,0,0)
Hex(9,31,0,7,0,0,0,0,0,0,0,0,0,0,0,0)
Hex(10,31,0,7,0,0,0,0,0,0,0,0,0,0,0,0)
Hex(11,31,0,4,0,0,0,0,0,0,0,0,0,0,0,0)
Hex(12,31,0,0,0,0,0,0,0,0,0,0,0,0,0,0)
Hex(13,31,0,10,0,0,0,0,0,0,0,0,0,0,0,0)
Hex(14,31,0,7,0,0,0,0,0,0,0,0,0,0,0,0)
Hex(15,31,0,8,0,0,0,0,0,0,0,0,0,0,0,0)
Hex(16,31,0,7,0,0,0,0,0,0,0,0,0,0,0,0)
Hex(17,31,0,7,0,0,0,0,0,0,0,0,0,0,0,0)
Hex(19,31,0,7,0,0,0,0,0,0,0,0,0,0,0,0)
Hex(18,31,0,3,0,0,0,0,0,0,0,0,0,0,0,0)
Hex(21,31,0,7,0,0,0,0,0,0,0,0,0,0,0,0)
Hex(23,31,0,9,0,0,0,0,0,0,0,0,0,0,0,0)
Hex(20,31,0,7,0,0,0,0,0,0,0,0,0,0,0,0)
Hex(22,31,0,8,0,0,0,0,0,0,0,0,0,0,0,0)
Hex(24,31,0,7,0,0,0,0,0,0,0,0,0,0,0,0)
Hex(25,31,0,7,0,0,0,0,0,0,0,0,0,0,0,0)
Hex(27,31,0,0,0,0,0,0,0,0,0,0,0,0,0,0)
Hex(26,31,0,7,0,0,0,0,0,0,0,0,0,0,0,0)
Hex(28,31,0,7,0,0,0,0,0,0,0,0,0,0,0,0)
Hex(29,31,0,7,0,0,0,0,0,0,0,0,0,0,0,0)
Hex(30,31,0,7,0,0,0,0,0,0,0,0,0,0,0,0)
Player(kea, 1, 0, 19)
Unit(5, 20)
Hex(5,18,0,0,0,0,0,0,0,0,0,0,0,0,0,0)
Hex(4,18,0,4,0,0,0,0,0,0,0,0,0,0,0,0)
Hex(6,18,0,9,0,0,0,0,0,0,0,0,0,0,0,0)
Hex(5,19,0,7,0,0,0,0,0,0,0,0,0,0,0,0)
Hex(4,19,0,7,0,0,0,0,0,0,0,0,0,0,0,0)
Hex(6,19,0,7,0,0,0,0,0,0,0,0,0,0,0,0)
Hex(3,19,0,6,0,0,0,0,0,0,0,0,0,0,0,0)
Hex(7,19,0,3,0,0,0,0,0,0,0,0,0,0,0,0)
Hex(5,20,0,12,1,1,0,0,400,0,0,0,0,50,0,0)
Hex(4,20,0,9,0,0,0,0,0,0,0,0,0,0,0,0)
Hex(6,20,0,4,0,0,0,0,0,0,0,0,0,0,0,0)
Hex(3,20,0,7,0,0,0,0,0,0,0,0,0,0,0,0)
Hex(7,20,0,7,0,0,0,0,0,0,0,0,0,0,0,0)
Hex(5,21,0,7,0,0,0,0,0,0,0,0,0,0,0,0)
Hex(3,21,0,9,0,0,0,0,0,0,0,0,0,0,0,0)
Hex(7,21,0,7,0,0,0,0,0,0,0,0,0,0,0,0)
Hex(4,21,0,0,0,0,0,0,0,0,0,0,0,0,0,0)
Hex(6,21,0,3,0,0,0,0,0,0,0,0,0,0,0,0)
Hex(5,22,0,0,0,0,0,0,0,0,0,0,0,0,0,0)
Player(sla, 1, 0, 19)
Unit(2, 9)
Hex(2,7,0,7,0,0,0,0,0,0,0,0,0,0,0,0)
Hex(2,8,0,7,0,0,0,0,0,0,0,0,0,0,0,0)
Hex(1,8,0,9,0,0,0,0,0,0,0,0,0,0,0,0)
Hex(3,8,0,7,0,0,0,0,0,0,0,0,0,0,0,0)
Hex(0,8,0,9,0,0,0,0,0,0,0,0,0,0,0,0)
Hex(4,8,0,3,0,0,0,0,0,0,0,0,0,0,0,0)
Hex(2,9,0,12,2,1,0,0,400,0,0,0,0,50,0,0)
Hex(1,9,0,0,0,0,0,0,0,0,0,0,0,0,0,0)
Hex(3,9,0,7,0,0,0,0,0,0,0,0,0,0,0,0)
Hex(0,9,0,4,0,0,0,0,0,0,0,0,0,0,0,0)
Hex(4,9,0,1,0,1,0,0,30,0,0,0,0,100,0,0)
Hex(1,10,0,3,0,0,0,0,0,0,0,0,0,0,0,0)
Hex(3,10,0,7,0,0,0,0,0,0,0,0,0,0,0,0)
Hex(2,10,0,7,0,0,0,0,0,0,0,0,0,0,0,0)
Hex(0,10,0,10,0,0,0,0,0,0,0,0,0,0,0,0)
Hex(4,10,0,3,0,0,0,0,0,0,0,0,0,0,0,0)
Hex(1,11,0,7,0,0,0,0,0,0,0,0,0,0,0,0)
Hex(3,11,0,7,0,0,0,0,0,0,0,0,0,0,0,0)
Hex(2,11,0,9,0,0,0,0,0,0,0,0,0,0,0,0)
Player(bla, 1, 0, 19)
Unit(30, 30)
Hex(29,0,0,7,0,0,0,0,0,0,0,0,0,0,0,0)
Hex(31,0,0,8,0,0,0,0,0,0,0,0,0,0,0,0)
Hex(30,0,0,7,0,0,0,0,0,0,0,0,0,0,0,0)
Hex(30,28,0,8,0,0,0,0,0,0,0,0,0,0,0,0)
Hex(30,29,0,3,0,0,0,0,0,0,0,0,0,0,0,0)
Hex(29,29,0,7,0,0,0,0,0,0,0,0,0,0,0,0)
Hex(31,29,0,7,0,0,0,0,0,0,0,0,0,0,0,0)
Hex(28,29,0,3,0,0,0,0,0,0,0,0,0,0,0,0)
Hex(0,29,0,4,0,0,0,0,0,0,0,0,0,0,0,0)
Hex(30,30,0,12,3,1,0,0,400,0,0,0,0,50,0,0)
Hex(29,30,0,5,0,0,0,0,0,0,0,0,0,0,0,0)
Hex(31,30,0,7,0,0,0,0,0,0,0,0,0,0,0,0)
Hex(28,30,0,1,0,5,0,0,0,0,0,0,15,50,0,0)
Hex(0,30,0,7,0,0,0,0,0,0,0,0,0,0,0,0)
Hex(29,31,0,7,0,0,0,0,0,0,0,0,0,0,0,0)
Hex(31,31,0,7,0,0,0,0,0,0,0,0,0,0,0,0)
Hex(30,31,0,7,0,0,0,0,0,0,0,0,0,0,0,0)
Hex(28,31,0,7,0,0,0,0,0,0,0,0,0,0,0,0)
Hex(0,31,0,7,0,0,0,0,0,0,0,0,0,0,0,0)
